128 1  796.56 641.547 1 1 0 255 255 255 0
0 1 1345.39 891.212 1 1 0 255 255 255 0
0 5 1158.67 972.356 1 1 0 255 255 255 0
8 1 1036.79 819.962 1 1 0 255 255 255 0
8 5 374.331 945.045 1 1 0 255 255 255 0
1 1 1496.32 874.203 1 1 0 255 255 255 0
1 5 1410.62  878.24 1 1 0 255 255 255 0
2 1 1533.54 797.748 1 1 0 255 255 255 0
2 5 700.644 712.644 1 1 0 255 255 255 0
131 2 1064.58 267.908 1 1 0 255 255 255 0
131 4 538.597 622.245 1 1 0 255 255 255 0
131 5 1414.98 225.708 1 1 0 255 255 255 0
131 7 644.261  638.83 1 1 0 255 255 255 0
3 1 1374.66 769.502 1 1 0 255 255 255 0
3 5 223.163 696.295 1 1 0 255 255 255 0
132 2 1065.17  254.94 1 1 0 255 255 255 0
132 4 539.617 556.958 1 1 0 255 255 255 0
132 5 1415.14 205.439 1 1 0 255 255 255 0
132 7 637.207 474.581 1 1 0 255 255 255 0
4 1 1439.46 778.174 1 1 0 255 255 255 0
4 5 417.141  695.09 1 1 0 255 255 255 0
5 1 1622.79 664.733 1 1 0 255 255 255 0
5 5 72.3469 355.882 1 1 0 255 255 255 0
6 1 1507.61 705.775 1 1 0 255 255 255 0
6 3 91.2842 83.8103 1 1 0 255 255 255 0
6 5 137.195 491.036 1 1 0 255 255 255 0
7 1 1351.61 758.482 1 1 0 255 255 255 0
7 5  76.179 676.183 1 1 0 255 255 255 0
9 1 1022.93 832.938 1 1 0 255 255 255 0
9 5 467.202  984.83 1 1 0 255 255 255 0
10 1 1286.31  823.17 1 1 0 255 255 255 0
10 5 817.451 841.789 1 1 0 255 255 255 0
11 1 1269.74 880.913 1 1 0 255 255 255 0
11 5 810.464 990.439 1 1 0 255 255 255 0
12 1 1421.96 721.006 1 1 0 255 255 255 0
12 5 192.558 554.462 1 1 0 255 255 255 0
87 1 1537.17 717.873 1 1 0 255 255 255 0
87 5 686.702 515.856 1 1 0 255 255 255 0
23 2 93.0376 228.582 1 1 0 255 255 255 0
23 5 146.353 207.716 1 1 0 255 255 255 0
80 1 1475.27 724.963 1 1 0 255 255 255 0
16 2  377.28 318.654 1 1 0 255 255 255 0
16 5 1424.14 323.304 1 1 0 255 255 255 0
144 2 946.223 146.213 1 1 0 255 255 255 0
88 1 1506.35 724.963 1 1 0 255 255 255 0
88 3 91.4435 106.267 1 1 0 255 255 255 0
88 5  139.32 544.411 1 1 0 255 255 255 0
24 2  204.75 275.375 1 1 0 255 255 255 0
24 3 1631.32   205.9 1 1 0 255 255 255 0
24 5  457.54 280.077 1 1 0 255 255 255 0
89 1 716.147 778.227 1 1 0 255 255 255 0
25 2     521 273.875 1 1 0 255 255 255 0
25 5 944.978 262.687 1 1 0 255 255 255 0
90 1 720.742 494.062 1 1 0 255 255 255 0
83 1 1123.75  648.13 1 1 0 255 255 255 0
83 3 512.559  42.151 1 1 0 255 255 255 0
19 2  1016.6 219.039 1 1 0 255 255 255 0
19 4  527.25 438.125 1 1 0 255 255 255 0
19 5 1334.76 151.672 1 1 0 255 255 255 0
81 1 1132.94 646.481 1 1 0 255 255 255 0
81 3 557.545  42.151 1 1 0 255 255 255 0
17 2 1142.08 218.906 1 1 0 255 255 255 0
17 4    1616 239.875 1 1 0 255 255 255 0
17 5 1722.71 142.078 1 1 0 255 255 255 0
82 1 1178.39 640.123 1 1 0 255 255 255 0
18 2 1099.97 246.344 1 1 0 255 255 255 0
18 4 1509.75 376.375 1 1 0 255 255 255 0
18 5 1625.59 187.471 1 1 0 255 255 255 0
84 1 1120.69 695.232 1 1 0 255 255 255 0
91 1 1182.45 697.908 1 1 0 255 255 255 0
27 2 1200.25 249.875 1 1 0 255 255 255 0
27 5 1803.11 185.192 1 1 0 255 255 255 0
92 1 1056.19 753.293 1 1 0 255 255 255 0
28 2    1330 275.125 1 1 0 255 255 255 0
95 1 1323.53 645.996 1 1 0 255 255 255 0
31 2 964.125  278.75 1 1 0 255 255 255 0
31 5 1502.85 244.244 1 1 0 255 255 255 0
97 1 1211.26 663.647 1 1 0 255 255 255 0
33 2    1017 199.875 1 1 0 255 255 255 0
33 4     526 342.125 1 1 0 255 255 255 0
33 5 1334.59 121.747 1 1 0 255 255 255 0
98 1 1231.01 663.147 1 1 0 255 255 255 0
99 1 1032.2 697.74 1 1 0 255 255 255 0
100 1 1084.7 703.99 1 1 0 255 255 255 0
101 1  834.15 644.147 1 1 0 255 255 255 0
102 1 1118.87 623.368 1 1 0 255 255 255 0
103 1 1188.42 523.502 1 1 0 255 255 255 0
123 1 1155.52 684.515 1 1 0 255 255 255 0
124 1 1101.44  684.92 1 1 0 255 255 255 0
125 1 1087.04 654.861 1 1 0 255 255 255 0
126 1 1031.23 651.827 1 1 0 255 255 255 0
127 1 875.515 640.771 1 1 0 255 255 255 0
14 2 1139.78 284.556 1 1 0 255 255 255 0
14 4  1608.2 462.576 1 1 0 255 255 255 0
14 5 1721.09 242.965 1 1 0 255 255 255 0
15 2 166.047 316.412 1 1 0 255 255 255 0
15 5 1127.55 331.629 1 1 0 255 255 255 0
21 2 1243.77 256.339 1 1 0 255 255 255 0
21 5 1841.21 191.896 1 1 0 255 255 255 0
22 2 1235.95 269.168 1 1 0 255 255 255 0
22 5  1832.1 212.751 1 1 0 255 255 255 0
29 2  942.75 306.375 1 1 0 255 255 255 0
29 5 1791.68 280.116 1 1 0 255 255 255 0
29 6 585.218 433.706 1 1 0 255 255 255 0
29 8 1528.24 64.3968 1 1 0 255 255 255 0
30 2   861.5 264.625 1 1 0 255 255 255 0
30 5 1248.69 233.603 1 1 0 255 255 255 0
30 6 115.135 789.483 1 1 0 255 255 255 0
32 2 950.875  275.25 1 1 0 255 255 255 0
32 5 1457.21 241.404 1 1 0 255 255 255 0
96 2  442.43 695.314 1 1 0 255 255 255 0
96 6 1389.91 191.534 1 1 0 255 255 255 0
56 2 1677.53 294.722 1 1 0 255 255 255 0
58 2 995.559 601.825 1 1 0 255 255 255 0
58 6 1137.17 209.555 1 1 0 255 255 255 0
57 2 922.148 391.618 1 1 0 255 255 255 0
57 6 986.994 285.081 1 1 0 255 255 255 0
42 2 559.183 282.063 1 1 0 255 255 255 0
42 6    1506 556.719 1 1 0 255 255 255 0
104 2 1671.58 347.207 1 1 0 255 255 255 0
34 2 1060.05 266.183 1 1 0 255 255 255 0
34 4  496.25 631.375 1 1 0 255 255 255 0
34 5 1403.31 225.176 1 1 0 255 255 255 0
47 2 1060.77 252.917 1 1 0 255 255 255 0
47 4 495.814 563.985 1 1 0 255 255 255 0
47 5 1403.64 205.352 1 1 0 255 255 255 0
47 7 639.107 440.931 1 1 0 255 255 255 0
141 2 1121.09 265.945 1 1 0 255 255 255 0
141 4 1492.41 431.116 1 1 0 255 255 255 0
141 5 1663.44 217.094 1 1 0 255 255 255 0
140 2 1093.84 262.614 1 1 0 255 255 255 0
140 4 1304.45 467.585 1 1 0 255 255 255 0
140 5 1579.27 213.801 1 1 0 255 255 255 0
143 2  1094.2 250.479 1 1 0 255 255 255 0
143 4 1306.95 413.663 1 1 0 255 255 255 0
143 5 1579.66 194.038 1 1 0 255 255 255 0
41 2 744.276 259.376 1 1 0 255 255 255 0
41 5 1034.82  230.71 1 1 0 255 255 255 0
41 6 600.452 875.389 1 1 0 255 255 255 0
145 2 1649.99 252.548 1 1 0 255 255 255 0
74 3 1201.07 254.407 1 1 0 255 255 255 0
74 6 1627.28 565.916 1 1 0 255 255 255 0
75 3 413.559 477.861 1 1 0 255 255 255 0
75 6 596.731 612.731 1 1 0 255 255 255 0
76 3 1577.34 126.178 1 1 0 255 255 255 0
77 3 1403.22 126.055 1 1 0 255 255 255 0
78 3 1893.36 200.083 1 1 0 255 255 255 0
79 3 1193.87  117.04 1 1 0 255 255 255 0
129 3 263.502 468.424 1 1 0 255 255 255 0
129 6  596.93 600.207 1 1 0 255 255 255 0
130 3 865.265 95.3523 1 1 0 255 255 255 0
35 4   731.5 583.875 1 1 0 255 255 255 0
35 8 1495.07 919.352 1 1 0 255 255 255 0
36 4     944 540.875 1 1 0 255 255 255 0
36 8 1181.1 518.03 1 1 0 255 255 255 0
37 4    1166 586.625 1 1 0 255 255 255 0
37 8 1678.11 424.649 1 1 0 255 255 255 0
38 4 1156.25 256.125 1 1 0 255 255 255 0
38 5  1517.7 122.137 1 1 0 255 255 255 0
39 4  1152.5 342.875 1 1 0 255 255 255 0
39 5 1517.09 153.986 1 1 0 255 255 255 0
40 4    316 37.375 1 1 0 255 255 255 0
20 4  1883.5 358.375 1 1 0 255 255 255 0
46 4 732.843 520.782 1 1 0 255 255 255 0
46 7 617.633 773.883 1 1 0 255 255 255 0
46 8 1530.88 688.369 1 1 0 255 255 255 0
51 4 702.203 512.308 1 1 0 255 255 255 0
51 7 838.984 766.007 1 1 0 255 255 255 0
51 8 1327.22 723.223 1 1 0 255 255 255 0
48 4 645.708 496.553 1 1 0 255 255 255 0
48 7 1224.66 746.502 1 1 0 255 255 255 0
48 8 893.794 784.146 1 1 0 255 255 255 0
49 4 683.192 490.034 1 1 0 255 255 255 0
49 7 1302.88  849.05 1 1 0 255 255 255 0
49 8 869.621 677.486 1 1 0 255 255 255 0
50 4 616.536 488.404 1 1 0 255 255 255 0
50 7 1408.42 733.168 1 1 0 255 255 255 0
50 8 647.593 811.661 1 1 0 255 255 255 0
55 4 411.093 536.039 1 1 0 255 255 255 0
55 7 986.158 435.413 1 1 0 255 255 255 0
60 4 1506.36 171.667 1 1 0 255 255 255 0
61 4 102.393 301.005 1 1 0 255 255 255 0
44 4 1164.97 555.493 1 1 0 255 255 255 0
44 8 1454.75 386.525 1 1 0 255 255 255 0
45 4 944.616 483.217 1 1 0 255 255 255 0
45 8  1182.1 366.941 1 1 0 255 255 255 0
59 4  1161.3 74.9715 1 1 0 255 255 255 0
64 4 856.06 460.75 1 1 0 255 255 255 0
64 8 816.304 403.054 1 1 0 255 255 255 0
65 4 857.105 519.062 1 1 0 255 255 255 0
65 8 832.929 559.179 1 1 0 255 255 255 0
66 4 913.827 474.975 1 1 0 255 255 255 0
66 8 1058.49  377.76 1 1 0 255 255 255 0
67 4 913.932 534.228 1 1 0 255 255 255 0
67 8 1064.74  530.76 1 1 0 255 255 255 0
68 4 1103.19 479.633 1 1 0 255 255 255 0
68 8 1275.16 279.619 1 1 0 255 255 255 0
69 4  1077.9 418.186 1 1 0 255 255 255 0
69 8 1193.78 165.244 1 1 0 255 255 255 0
70 4 1014.36 409.722 1 1 0 255 255 255 0
70 8 991.304 191.997 1 1 0 255 255 255 0
71 4 956.562 396.815 1 1 0 255 255 255 0
71 8 790.074 210.984 1 1 0 255 255 255 0
72 4 382.625 527.564 1 1 0 255 255 255 0
72 7 1103.36 435.048 1 1 0 255 255 255 0
105 4 1172.95 301.279 1 1 0 255 255 255 0
105 5 1526.18 141.471 1 1 0 255 255 255 0
133 4 770.414 516.154 1 1 0 255 255 255 0
133 7 614.894 892.225 1 1 0 255 255 255 0
133 8 1439.21  600.54 1 1 0 255 255 255 0
134 4 769.649  575.83 1 1 0 255 255 255 0
135 4 979.828  478.29 1 1 0 255 255 255 0
135 8 1148.67 337.529 1 1 0 255 255 255 0
136 4 978.298 534.395 1 1 0 255 255 255 0
137 4 1166.86  501.64 1 1 0 255 255 255 0
138 4 1386.83 437.492 1 1 0 255 255 255 0
138 5 1615.36  210.31 1 1 0 255 255 255 0
139 4 1417.69 432.136 1 1 0 255 255 255 0
139 5 1629.02 211.195 1 1 0 255 255 255 0
142 4 483.576  81.406 1 1 0 255 255 255 0
146 4 465.821  644.58 1 1 0 255 255 255 0
146 5 1388.7  226.5 1 1 0 255 255 255 0
146 7   611.8 562.681 1 1 0 255 255 255 0
52 5 1157.74 161.529 1 1 0 255 255 255 0
52 7 1041.88 101.985 1 1 0 255 255 255 0
53 5    1353 159.411 1 1 0 255 255 255 0
53 7  1549.9 157.043 1 1 0 255 255 255 0
54 5 1370.03 189.316 1 1 0 255 255 255 0
54 7 1324.79 213.461 1 1 0 255 255 255 0
73 5 948.398 204.201 1 1 0 255 255 255 0
73 7 381.413 182.074 1 1 0 255 255 255 0
106 5 1353.37 178.286 1 1 0 255 255 255 0
107 5  1368.9 205.941 1 1 0 255 255 255 0
43 6 115.576 553.547 1 1 0 255 255 255 0
117 6 1634.47 121.971 1 1 0 255 255 255 0
117 10 536.472 803.013 1 1 0 255 255 255 0
147 6 155.523 621.008 1 1 0 255 255 255 0
148 6 280.457  532.45 1 1 0 255 255 255 0
149 6 422.694 422.818 1 1 0 255 255 255 0
151 6 872.738 146.146 1 1 0 255 255 255 0
152 6 1804.05 61.2883 1 1 0 255 255 255 0
153 6 973.474 127.966 1 1 0 255 255 255 0
154 6 1669.59 313.515 1 1 0 255 255 255 0
154 8 1877.91 50.9106 1 1 0 255 255 255 0
62 8 128.272 597.317 1 1 0 255 255 255 0
63 8 1542.47 118.388 1 1 0 255 255 255 0
94 8 1780.37 26.9003 1 1 0 255 255 255 0
150 8 1805.23 12.8863 1 1 0 255 255 255 0
155 8 1885.19 28.2664 1 1 0 255 255 255 0
108 9 679.701 247.224 1 1 0 255 255 255 0
109 9 1154.49 248.605 1 1 0 255 255 255 0
110 9 363.827 911.824 1 1 0 255 255 255 0
111 9 1437.24 917.094 1 1 0 255 255 255 0
112 10 470.272 642.651 1 1 0 255 255 255 0
113 10 1041.76 524.817 1 1 0 255 255 255 0
114 10 1046.97 428.747 1 1 0 255 255 255 0
115 10 459.228 534.599 1 1 0 255 255 255 0
116 10 1870.57 572.655 1 1 0 255 255 255 0
118 11 887.965 356.516 1 1 0 255 255 255 0
119 11 1299.25 113.362 1 1 0 255 255 255 0
120 11 712.349 488.369 1 1 0 255 255 255 0
121 11 799.689 175.843 1 1 0 255 255 255 0
122 11 1839.79 579.369 1 1 0 255 255 255 0
